R2 Score: 0.7985612151865085
RMSE: 3.938383493075256
MAE: 3.137267412642317
