R2 Score: 0.7985612151865085
RMSE: 3.9383834930752557
MAE: 3.137267412642316
