R2 Score: 0.9801730175573921
RMSE: 1.3090702282862257
MAE: 1.023301614725161
