R2 Score: 0.9812005330610654
RMSE: 1.2746982877767064
MAE: 1.0130293436341002
