R2 Score: 0.9723152242422802
RMSE: 1.5468747130037663
MAE: 1.2161750672554696
