R2 Score: 0.9711658740374032
RMSE: 1.5786579122850206
MAE: 1.2442211055276382
