R2 Score: 0.9861081974218554
RMSE: 1.0957561992090128
MAE: 0.8498342499062044
