R2 Score: 0.9839009330522658
RMSE: 1.179600609177075
MAE: 0.9021408438083514
