R2 Score: 0.9453961209830593
RMSE: 2.1724329578973687
MAE: 1.590910783554676
