R2 Score: 0.9871923954930196
RMSE: 1.0521280256752241
MAE: 0.7958994363608295
