R2 Score: 0.9733166321122372
RMSE: 1.5186404273243927
MAE: 1.2088803515378115
