R2 Score: 0.9748349658720104
RMSE: 1.4748009096995003
MAE: 1.1647591913649762
