R2 Score: 0.9899898722509087
RMSE: 0.9301531152850478
MAE: 0.7274644151127857
