R2 Score: 0.9963515399710885
RMSE: 0.5615512926450782
MAE: 0.3217839195979895
