R2 Score: 0.9876156818842541
RMSE: 1.0345957369400243
MAE: 0.752777889447237
