R2 Score: 0.9967021623195275
RMSE: 0.5315964976985386
MAE: 0.33783402898907666
