R2 Score: 0.9968659557656789
RMSE: 0.518226997298862
MAE: 0.3160014884769916
