R2 Score: 0.9969003284958933
RMSE: 0.5153773267234102
MAE: 0.3147091532349587
