R2 Score: 0.9966378137167229
RMSE: 0.536757793726433
MAE: 0.33951818475127227
