R2 Score: 0.982949400420023
RMSE: 1.2139602396228635
MAE: 0.9470889718804283
