R2 Score: 0.981317898345305
RMSE: 1.2707130802172069
MAE: 0.9704565329284198
