R2 Score: 0.985637920996847
RMSE: 1.1141490406251677
MAE: 0.8703023357300514
