R2 Score: 0.9829849005522939
RMSE: 1.2126958206183827
MAE: 0.9435342163981773
