R2 Score: 0.9864491918753595
RMSE: 1.0822241794893817
MAE: 0.8450984910279633
