R2 Score: 0.9970477157460308
RMSE: 0.5029751840300118
MAE: 0.3083339557196718
