R2 Score: 0.996729153689268
RMSE: 0.5294165848471495
MAE: 0.3126409056337592
